4471000 446240 0
4471000 446260 0
4471000 446280 0
4471000 446300 0
4471000 446320 0
4471000 446340 0
4471000 446360 0
4471000 446380 0
4471000 446400 0

4470980 446240 0
4470980 446260 0
4470980 446280 0
4470980 446300 0
4470980 446320 0
4470980 446340 0
4470980 446360 0
4470980 446380 0
4470980 446400 0

4470960 446240 0
4470960 446260 0
4470960 446280 0
4470960 446300 0
4470960 446320 0
4470960 446340 0
4470960 446360 0
4470960 446380 0
4470960 446400 0

4470940 446240 0
4470940 446260 0
4470940 446280 0
4470940 446300 0
4470940 446320 0
4470940 446340 0
4470940 446360 0
4470940 446380 0
4470940 446400 0

4470920 446240 0 
4470920 446260 0 
4470920 446280 0 
4470920 446300 0 
4470920 446320 0 
4470920 446340 0 
4470920 446360 0 
4470920 446380 0 
4470920 446400 0 

4470900 446240 0
4470900 446260 0
4470900 446280 0
4470900 446300 0
4470900 446320 0
4470900 446340 0
4470900 446360 0
4470900 446380 0
4470900 446400 0

4470880 446240 0
4470880 446260 0
4470880 446280 0
4470880 446300 0
4470880 446320 0
4470880 446340 0
4470880 446360 0
4470880 446380 0
4470880 446400 0

4470860 446240 0
4470860 446260 0
4470860 446280 0
4470860 446300 0
4470860 446320 0
4470860 446340 0
4470860 446360 0
4470860 446380 0
4470860 446400 0

4470840 446240 0
4470840 446260 0
4470840 446280 0
4470840 446300 0
4470840 446320 0
4470840 446340 0
4470840 446360 0
4470840 446380 0
4470840 446400 0

4470820 446240 0
4470820 446260 0
4470820 446280 0
4470820 446300 0
4470820 446320 0
4470820 446340 0
4470820 446360 0
4470820 446380 0
4470820 446400 0

4470800 446240 0
4470800 446260 0
4470800 446280 0
4470800 446300 0
4470800 446320 0
4470800 446340 0
4470800 446360 0
4470800 446380 0
4470800 446400 0

4470780 446240 0
4470780 446260 0
4470780 446280 0
4470780 446300 0
4470780 446320 0
4470780 446340 0
4470780 446360 0
4470780 446380 0
4470780 446400 0